0.000000 
0.001137 
0.004502 
0.010132 
0.018035 
0.028179 
0.040726 
0.055418 
0.072515 
0.091839 
0.113717 
0.137612 
0.164176 
0.192735 
0.223808 
0.257011 
0.292413 
0.330469 
0.370863 
0.413236 
0.458576 
0.505542 
0.554604 
0.607064 
0.661334 
0.716514 
0.775713 
0.838275 
0.898287 
0.967029 
1.032224 
1.103854 
1.173813 
1.250219 
1.324365 
1.404895 
1.485509 
1.570778 
1.653389 
1.744226 
1.833839 
1.926669 
2.021763 
2.118033 
2.217662 
2.318421 
2.418788 
2.528944 
2.634974 
2.743038 
2.854599 
2.972947 
3.085840 
3.210536 
3.337921 
3.450155 
3.585873 
3.709279 
3.842453 
3.961699 
4.111866 
4.236828 
4.388047 
4.521302 
4.673077 
4.812708 
4.972064 
5.118457 
5.277666 
5.433851 
5.592350 
5.753162 
5.919221 
6.084631 
6.252298 
6.425529 
6.601195 
6.772386 
6.959960 
7.139340 
7.324743 
7.512655 
7.695060 
7.899837 
8.082780 
8.280333 
8.467369 
8.682897 
8.860610 
9.081447 
9.272068 
9.498382 
9.693005 
9.929900 
10.118301 
10.360830 
10.579731 
10.806372 
11.013003 
11.267273 
11.477928 
11.720168 
11.959044 
12.187972 
12.418932 
12.651920 
12.893474 
13.137357 
13.390360 
13.624959 
13.918097 
14.135541 
14.412874 
14.648231 
14.938471 
15.162242 
15.473764 
15.716876 
15.994131 
16.232321 
16.547787 
16.806728 
17.102373 
17.365295 
17.674969 
17.960344 
18.247936 
18.518940 
18.839567 
19.124378 
19.411108 
19.699867 
20.010918 
20.272736 
20.588179 
20.852766 
21.172535 
21.472876 
21.797499 
22.124655 
22.385456 
22.740131 
23.003437 
23.375233 
23.629023 
24.018616 
24.262186 
24.644938 
24.902899 
25.291142 
25.577501 
25.971596 
26.247471 
26.606115 
26.967312 
27.302919 
27.654675 
27.994190 
28.335535 
28.708376 
29.053858 
29.446640 
29.811693 
30.147831 
30.548391 
30.936031 
31.293993 
31.719063 
32.213581 
32.529228 
33.031490 
33.401901 
33.929924 
34.323273 
34.895981 
35.295799 
35.879116 
36.377079 
36.990601 
37.517178 
38.162270 
38.776287 
39.454967 
40.063072 
40.716969 
41.397842 
42.126728 
42.863956 
43.609638 
44.405579 
45.147591 
45.983093 
46.828579 
47.640507 
48.505604 
49.469704 
50.266235 
51.229893 
52.067856 
53.030460 
53.864204 
54.848133 
55.629124 
56.585781 
57.407330 
58.383865 
59.222557 
60.119217 
60.949009 
61.964706 
62.734062 
63.639454 
64.396088 
65.184830 
65.953110 
66.754028 
67.479538 
68.209846 
68.834061 
69.517014 
70.119064 
70.694885 
71.272415 
71.793686 
72.374191 
72.808884 
73.450996 
73.735558 
74.258896 
74.507820 
74.968338 
75.210732 
75.731056 
75.904152 
76.358719 
76.587692 
76.877098 
77.097679 
77.346809 
77.558632 
77.765877 
77.934708 
78.064240 
78.256653 
78.409607 
78.557274 
78.769859 
78.907104 
79.110451 
79.201180 
79.358421 
79.547165 
79.731384 
80.059799 
80.123543 
80.445267 
80.536186 
80.889832 
81.009598 
81.357773 
81.507721 
82.048347 
82.071884 
82.650879 
82.907776 
83.365311 
83.617271 
84.196938 
84.444725 
84.983139 
85.395607 
85.934975 
86.389427 
86.930069 
87.558640 
88.145515 
88.822319 
89.412880 
90.139427 
90.779106 
91.466377 
92.156448 
93.171875 
93.684265 
94.570564 
95.180038 
96.075218 
96.689690 
97.545700 
98.213150 
99.320892 
99.848564 
100.869926 
101.550293 
102.632988 
103.270012 
104.212624 
104.956779 
105.857773 
106.556946 
107.414337 
108.118828 
108.983658 
109.746620 
110.405602 
111.227325 
111.836235 
112.554817 
113.220688 
113.888138 
114.334976 
115.338989 
115.730400 
116.459145 
116.848480 
117.636665 
117.909035 
118.757629 
119.084679 
119.761063 
120.143570 
120.820953 
121.021324 
121.818893 
122.195580 
122.752655 
123.125862 
123.866440 
124.175148 
124.667862 
125.159637 
125.650452 
126.076881 
126.693214 
127.181587 
127.669014 
128.155365 
128.771545 
129.388199 
129.806961 
130.689438 
130.973419 
131.792221 
131.937302 
132.825851 
133.307343 
134.269455 
134.543762 
135.510651 
135.851883 
136.753433 
137.516983 
138.424896 
139.193115 
140.179245 
140.880295 
141.727982 
142.432175 
143.284546 
144.139740 
144.848953 
145.933136 
147.022507 
147.814728 
148.608963 
149.405136 
150.433609 
151.234970 
152.426254 
153.467514 
154.121094 
155.326935 
155.984009 
157.119370 
157.619324 
158.922958 
159.424347 
160.656357 
161.240448 
162.481400 
162.985077 
164.317642 
164.906067 
165.997177 
166.755554 
167.684555 
168.531143 
169.379608 
170.230087 
170.909546 
171.849869 
172.531006 
173.212357 
174.158447 
174.930069 
175.791809 
177.102890 
177.431000 
178.569122 
178.985275 
180.037720 
180.543655 
181.692886 
182.013428 
183.260834 
183.672363 
184.644882 
185.148346 
186.029343 
186.626419 
187.509796 
188.106491 
188.992264 
189.782761 
190.671799 
191.268692 
192.061600 
192.855453 
193.451523 
194.346100 
195.142181 
195.737732 
196.635971 
197.332733 
198.029373 
199.444168 
199.731796 
200.843781 
201.335587 
202.556610 
202.837891 
204.063965 
204.553528 
205.998291 
206.274460 
207.512405 
208.108414 
209.136276 
210.058212 
210.872681 
211.578293 
212.724411 
213.431671 
214.472092 
215.292114 
216.224930 
216.821854 
217.982895 
218.579926 
219.745926 
220.457565 
221.399002 
222.457718 
223.519135 
225.049194 
225.416183 
226.954681 
227.084259 
228.867081 
229.350098 
230.786438 
231.268936 
232.833237 
233.194672 
234.524445 
235.005341 
236.586060 
237.435699 
238.656403 
239.509003 
240.611267 
241.841202 
242.949356 
243.556244 
244.794357 
245.401138 
246.771667 
247.634811 
248.370102 
249.492218 
250.746628 
251.614517 
252.744232 
254.138962 
254.616928 
255.885437 
256.759613 
258.167267 
258.509857 
260.057281 
260.936584 
262.357758 
262.832855 
264.259949 
265.007477 
266.579010 
267.466675 
268.770386 
269.382812 
270.970520 
271.583588 
272.616913 
273.651947 
274.546906 
275.869019 
276.623962 
277.951477 
278.995178 
280.184906 
281.377197 
282.426849 
283.478119 
285.410095 
285.585541 
287.084412 
288.143799 
289.799500 
290.267303 
291.780914 
292.397308 
293.917328 
294.533691 
296.212250 
296.523895 
298.362549 
299.440125 
300.827667 
301.600067 
303.148254 
303.922119 
305.321014 
306.409729 
307.342499 
308.750061 
309.844055 
310.621216 
311.876984 
313.135559 
314.074860 
316.144958 
316.603027 
318.196381 
318.815674 
320.579193 
320.541565 
322.640717 
323.259430 
324.706207 
325.490479 
327.109802 
328.063202 
329.353607 
330.140045 
331.433960 
332.730621 
334.029999 
334.989655 
336.293182 
337.599365 
338.389496 
339.352356 
340.837708 
341.977570 
342.943695 
343.910217 
345.053436 
346.375153 
347.521912 
349.204651 
349.104889 
351.150482 
351.404114 
353.458496 
353.346924 
355.227386 
355.473328 
357.360718 
357.970001 
359.497528 
359.736298 
361.452606 
362.616302 
363.967987 
364.761078 
366.116180 
367.285706 
368.456604 
369.439514 
370.802795 
371.977997 
373.345886 
374.332672 
375.512146 
376.693054 
377.681610 
379.058990 
380.633881 
382.603607 
382.618530 
384.397980 
385.195831 
386.784424 
387.185425 
388.977264 
389.375549 
391.373505 
392.171722 
393.573730 
394.371582 
396.182617 
397.184814 
398.187134 
399.599121 
401.013580 
402.018738 
403.230621 
404.443787 
406.281860 
407.499634 
408.509674 
410.358551 
412.002228 
413.860657 
415.512634 
417.592804 
419.253693 
422.412628 
424.085571 
426.621246 
428.519806 
431.719269 
433.198700 
437.070221 
439.868927 
443.333405 
446.592682 
450.524139 
454.031311 
458.878815 
462.639648 
467.972168 
471.768280 
476.697784 
480.976471 
486.172668 
490.715546 
495.730011 
500.993225 
505.824890 
510.449127 
516.236511 
520.903015 
526.278992 
531.678406 
536.175964 
542.547546 
546.156494 
551.644775 
555.051331 
561.049805 
564.016907 
569.115967 
572.344055 
576.531372 
579.783264 
583.999695 
587.036621 
590.322510 
593.378662 
596.685181 
598.552063 
600.664124 
602.780334 
604.656982 
606.047607 
607.193481 
607.601135 
608.496338 
608.894958 
608.793152 
609.180115 
608.316956 
608.939880 
607.055664 
606.409363 
604.745850 
604.580261 
602.635803 
601.942444 
600.221008 
599.503601 
596.218872 
595.473328 
593.175049 
591.115723 
589.039001 
587.462708 
584.832703 
582.963684 
580.817261 
578.391602 
575.946899 
574.272278 
572.055298 
570.349487 
568.363464 
566.360962 
564.875000 
563.642395 
561.861755 
560.334351 
560.677368 
557.777893 
557.833557 
556.256409 
556.024658 
554.968079 
555.539856 
553.917114 
555.026672 
554.484009 
555.036743 
555.309875 
556.410767 
556.955078 
557.496338 
559.152283 
560.250305 
561.067200 
562.163940 
562.695801 
564.639099 
566.302612 
567.684326 
569.921753 
571.878723 
573.839600 
575.804138 
578.060181 
580.033020 
584.033508 
584.859497 
587.717407 
589.418335 
592.289307 
593.705200 
597.175232 
597.715942 
601.789917 
602.628113 
606.129333 
607.266968 
610.784180 
612.522949 
614.264160 
616.007629 
617.753540 
618.899719 
620.648987 
622.098145 
622.942017 
624.391785 
625.537842 
626.683472 
627.216675 
628.359863 
628.580566 
630.028748 
630.551575 
633.237488 
631.897461 
633.032776 
632.297791 
634.989441 
633.931152 
634.744873 
634.613342 
636.366516 
635.279053 
637.030457 
636.245728 
637.359924 
638.154846 
638.947754 
638.457825 
639.564819 
640.027832 
640.487488 
641.266663 
642.367676 
642.494507 
642.941650 
644.688965 
645.458618 
646.553589 
647.319763 
650.056763 
649.175537 
651.257141 
651.356812 
653.773193 
654.865051 
657.288696 
657.046631 
660.143982 
660.566833 
663.002319 
663.759094 
666.538818 
667.972046 
670.422913 
672.199524 
674.999573 
676.100525 
677.884460 
678.985474 
681.802185 
682.905396 
685.387024 
687.528137 
688.634216 
691.127380 
692.582520 
694.735352 
696.542603 
700.101379 
699.812927 
702.680115 
703.441284 
706.317017 
707.078125 
709.962585 
709.303528 
712.549500 
713.308228 
716.565125 
716.608704 
719.874939 
720.992798 
723.190369 
724.308777 
725.064819 
726.905579 
728.385376 
729.502014 
730.982361 
732.098145 
733.579102 
733.960266 
736.175232 
737.289001 
737.663940 
739.144226 
739.884155 
742.477966 
741.729065 
742.835449 
742.447021 
745.419617 
745.024231 
746.876160 
746.847900 
747.945862 
747.531250 
749.760437 
749.337341 
751.948547 
751.898438 
752.987854 
752.929199 
754.780762 
753.947205 
755.413025 
756.108582 
756.029541 
755.944946 
757.793091 
758.478027 
759.549622 
761.010132 
761.299255 
762.367188 
763.041931 
766.857056 
764.384094 
767.417480 
766.111206 
768.753418 
768.624451 
771.271423 
771.136536 
773.788208 
774.047119 
776.704285 
777.761841 
780.024048 
781.081726 
782.541748 
783.598083 
785.867981 
785.707581 
788.386292 
789.034241 
791.311218 
791.548340 
793.418945 
795.701599 
796.344116 
798.630615 
799.270874 
802.387573 
802.199280 
805.322937 
804.298462 
807.427246 
806.809998 
809.944824 
809.738464 
813.299377 
813.508362 
816.237610 
816.864380 
820.444214 
821.070862 
824.237427 
824.438721 
828.038086 
829.089111 
830.992615 
832.897949 
834.805115 
836.285156 
838.195251 
840.107178 
842.883728 
843.936646 
845.854065 
848.640686 
850.128906 
853.793213 
853.106323 
855.905579 
856.084900 
859.765625 
859.503540 
862.753540 
863.366882 
866.625000 
867.679382 
870.503723 
870.228149 
874.833923 
874.554932 
876.945129 
878.891968 
880.840576 
881.446655 
884.743164 
884.898499 
886.851257 
888.354492 
890.761841 
892.719727 
894.225891 
896.186523 
899.058899 
900.112976 
902.078857 
905.418274 
904.641724 
906.151611 
906.742615 
910.092712 
910.682556 
912.655029 
911.853516 
914.751587 
915.333679 
917.307800 
917.420715 
920.327881 
921.838257 
924.284668 
924.390503 
926.839539 
926.940308 
928.449829 
929.487610 
932.414490 
932.032471 
933.540955 
935.524475 
936.558289 
938.067078 
939.576050 
941.085083 
942.115540 
946.021484 
944.652405 
947.603333 
947.668274 
950.624023 
950.201172 
953.160889 
953.216187 
956.180603 
955.745178 
959.200745 
958.759155 
961.732300 
962.262817 
964.751221 
965.278748 
967.278503 
967.802307 
969.802979 
970.323059 
972.324585 
972.840820 
973.850403 
975.852600 
976.860718 
978.864563 
980.370483 
983.877197 
982.380554 
984.888428 
984.384399 
987.397095 
986.886169 
990.407349 
990.395752 
994.430298 
993.401306 
996.935486 
997.424072 
1000.965881 
1001.962952 
1006.023987 
1008.557495 
1011.606628 
1013.120422 
1017.718323 
1021.295715 
1025.910400 
1028.985229 
1034.649902 
1039.808838 
1045.497070 
1051.197510 
1058.470581 
1063.676758 
1070.980225 
1081.435059 
1085.114380 
1095.611084 
1101.411255 
1111.953003 
1118.310425 
1129.424927 
1136.872314 
1147.507568 
1156.051636 
1167.796143 
1176.384155 
1187.650146 
1196.814087 
1207.065430 
1217.875000 
1227.641235 
1236.894531 
1246.169189 
1255.465088 
1265.857788 
1274.659180 
1281.862305 
1290.700684 
1299.017822 
1304.645264 
1311.368042 
1318.104126 
1322.134399 
1329.983276 
1334.030518 
1338.083740 
1340.502075 
1346.207886 
1346.439453 
1351.060059 
1350.187988 
1352.612671 
1350.626465 
1352.495239 
1349.386230 
1349.032349 
1346.453735 
1344.973267 
1341.259033 
1339.756470 
1336.571777 
1331.697876 
1327.923828 
1323.014282 
1319.207520 
1313.700684 
1308.173950 
1303.752808 
1297.059937 
1291.472656 
1286.430542 
1280.238037 
1276.290649 
1267.220337 
1263.803101 
1254.681763 
1250.089600 
1243.198120 
1238.568604 
1230.489746 
1228.112793 
1220.562866 
1217.582886 
1210.564575 
1208.130127 
1201.648193 
1200.341187 
1193.822998 
1191.914307 
1187.677490 
1185.746948 
1180.901001 
1178.365601 
1175.819336 
1173.261963 
1173.030396 
1172.208984 
1169.624023 
1168.787476 
1169.118774 
1168.858765 
1172.126099 
1170.092285 
1172.770874 
1170.133057 
1172.810059 
1171.934570 
1175.798706 
1175.510254 
1178.190918 
1178.491943 
1181.770630 
1183.262451 
1188.340576 
1191.032959 
1193.728027 
1195.225586 
1199.125732 
1200.625366 
1205.135986 
1206.638428 
1209.951538 
1212.059814 
1215.984863 
1217.491211 
1221.424194 
1222.325195 
1226.265503 
1230.820312 
1229.894165 
1233.845459 
1232.301147 
1236.868774 
1236.541260 
1241.116821 
1240.785278 
1242.908691 
1242.570190 
1245.925415 
1245.581177 
1248.939819 
1247.352661 
1249.474243 
1251.596802 
1252.478271 
1251.492554 
1253.612549 
1253.240845 
1254.735718 
1256.230103 
1255.222168 
1254.833862 
1256.321289 
1255.925049 
1257.409058 
1257.634033 
1257.855591 
1261.857300 
1259.550659 
1261.659180 
1260.604370 
1263.344604 
1261.012451 
1264.386353 
1263.313477 
1267.326416 
1264.972046 
1268.350098 
1267.260620 
1271.280518 
1273.385132 
1275.490356 
1276.313110 
1278.418457 
1279.238403 
1282.631836 
1284.095093 
1287.493774 
1288.957764 
1291.068115 
1293.178955 
1295.290771 
1297.403320 
1300.166260 
1302.931519 
1305.699097 
1310.424805 
1310.588135 
1314.668213 
1314.174561 
1317.604980 
1317.761108 
1320.538818 
1322.004517 
1327.416504 
1327.568115 
1332.330811 
1331.820312 
1335.929443 
1336.736572 
1339.527832 
1339.669800 
1342.462524 
1341.935791 
1343.399048 
1344.861572 
1345.656616 
1344.447754 
1347.240234 
1349.365967 
1347.475952 
1348.928589 
1348.367798 
1350.488281 
1349.920288 
1354.057983 
1350.116089 
1352.231812 
1350.297241 
1352.409790 
1350.463501 
1352.572876 
1351.292969 
1354.757568 
1352.110596 
1353.535156 
1351.554443 
1354.336792 
1353.709717 
1354.443604 
1354.491333 
1354.535400 
1353.890869 
1353.926758 
1353.272339 
1353.300171 
1354.012329 
1353.344727 
1354.050781 
1354.064575 
1352.692749 
1353.389282 
1356.852295 
1353.389160 
1355.464600 
1353.374146 
1356.836670 
1352.648560 
1357.502930 
1355.391235 
1358.855103 
1356.733154 
1360.197998 
1358.065796 
1361.531494 
1361.493408 
1362.855835 
1364.217407 
1364.170776 
1365.529175 
1366.181519 
1367.537109 
1368.185547 
1368.124634 
1369.475464 
1371.533569 
1372.174316 
1372.102295 
1373.447998 
1375.503662 
1376.848145 
1381.041870 
1378.107300 
1382.303223 
1380.786377 
1384.986206 
1384.177734 
1388.381714 
1386.850342 
1391.057983 
1389.519165 
1395.169189 
1395.064697 
1398.561157 
1399.174316 
1400.507202 
1401.116211 
1406.064697 
1405.224365 
1408.729004 
1408.608276 
1411.389160 
1413.444946 
1415.500854 
1416.828613 
1418.155518 
1420.940796 
1421.536377 
1423.591797 
1425.647705 
1432.098877 
1427.560547 
1432.550537 
1430.200928 
1434.460449 
1434.308716 
1436.363281 
1436.205933 
1441.948608 
1441.050537 
1443.843994 
1443.678833 
1445.732178 
1448.527100 
1451.323242 
1451.893311 
1453.947266 
1454.513794 
1455.077515 
1454.893799 
1460.673950 
1458.994629 
1462.540039 
1463.844238 
1468.142090 
1469.446533 
1472.250000 
1472.802856 
1473.353516 
1479.165283 
1477.457642 
1481.769897 
1480.808350 
1485.124268 
1484.156982 
1489.232544 
1486.746948 
1494.098511 
1490.090210 
1494.416138 
1491.912720 
1496.240845 
1496.770142 
1498.058105 
1499.344971 
1500.630371 
1501.151611 
1503.197876 
1502.186523 
1505.760498 
1507.805908 
1506.785522 
1510.362305 
1510.871094 
1510.608765 
1512.649780 
1516.999878 
1513.650757 
1516.460205 
1516.184692 
1518.222046 
1517.167847 
1521.523315 
1519.689087 
1524.047241 
1522.205322 
1527.342163 
1526.269897 
1529.857056 
1527.222656 
1531.588257 
1531.282104 
1533.311646 
1532.999756 
1535.027466 
1536.273315 
1539.082764 
1539.544312 
1540.003296 
1541.243896 
1543.268188 
1544.506714 
1545.744019 
1547.766968 
1549.002197 
1552.600464 
1549.891235 
1552.700073 
1549.190186 
1554.368286 
1550.847168 
1555.236450 
1553.288940 
1555.301025 
1553.344116 
1557.735840 
1554.181274 
1557.778564 
1558.989502 
1559.401978 
1560.609497 
1561.815674 
1561.422974 
1562.625122 
1563.026001 
1565.025146 
1564.620972 
1567.419922 
1568.615112 
1569.006104 
1570.197754 
1570.584106 
1571.772339 
1573.764893 
1578.175049 
1575.329346 
1581.355469 
1578.501221 
1585.340942 
1583.288208 
1590.944824 
1589.696899 
1594.931030 
1596.112061 
1602.976318 
1605.784058 
1613.472290 
1618.727173 
1623.986450 
1630.065430 
1638.596802 
1644.688721 
1654.053589 
1662.611450 
1672.814331 
1682.210083 
1694.893066 
1705.131470 
1717.022339 
1728.926514 
1743.309448 
1756.887207 
1771.303711 
1789.853638 
1800.187866 
1817.953613 
1830.790405 
1846.119019 
1858.986816 
1877.656982 
1889.730469 
1905.957397 
1918.888916 
1935.151611 
1948.114258 
1963.582153 
1975.744629 
1989.582642 
1998.444336 
2010.644653 
2020.358521 
2031.749390 
2039.814941 
2048.722656 
2057.638428 
2064.054688 
2072.148926 
2074.390625 
2079.981934 
2082.224121 
2087.820312 
2085.866211 
2089.784912 
2086.140625 
2088.375244 
2084.717285 
2084.419434 
2076.532715 
2075.377930 
2069.154785 
2064.608643 
2057.517334 
2052.950195 
2041.604126 
2037.859253 
2030.717285 
2023.562012 
2012.152710 
2004.968750 
1993.525146 
1984.612793 
1973.984619 
1964.190186 
1955.231079 
1944.552856 
1933.857300 
1923.144775 
1914.122559 
1902.522827 
1897.743408 
1881.834839 
1876.173950 
1863.650635 
1857.107666 
1844.550049 
1839.696411 
1828.822998 
1823.947021 
1813.043701 
1809.005737 
1800.655518 
1797.459717 
1789.947876 
1785.872803 
1780.064087 
1776.835083 
1771.871460 
1767.762939 
1765.376465 
1762.983887 
1761.451538 
1759.047852 
1757.504883 
1756.824951 
1756.140991 
1756.322021 
1754.761719 
1758.414551 
1761.198486 
1758.758911 
1763.282959 
1759.092041 
1764.487793 
1765.523071 
1769.176514 
1769.335938 
1775.612793 
1775.770142 
1783.802490 
1783.083252 
1791.122925 
1792.154663 
1798.448364 
1800.357300 
1804.021851 
1805.051392 
1810.475464 
1812.383667 
1816.051636 
1817.958862 
1820.746826 
1822.652832 
1824.558228 
1829.110962 
1830.132812 
1830.268799 
1829.517944 
1837.610474 
1832.430664 
1836.099365 
1834.451538 
1838.119263 
1834.690674 
1837.468872 
1835.806396 
1837.693848 
1834.245361 
1834.348633 
1832.669189 
1834.546753 
1832.859619 
1829.384399 
1825.902832 
1826.876709 
1821.598145 
1822.565063 
1819.060669 
1818.232544 
1814.716309 
1814.774658 
1813.038574 
1810.401611 
1806.862305 
1806.007935 
1806.945068 
1803.389893 
1806.118164 
1800.755127 
1803.479126 
1798.103516 
1801.723755 
1797.236938 
1799.052002 
1796.357178 
1798.168213 
1795.464478 
1799.077515 
1793.655396 
1797.265503 
1797.258423 
1797.248535 
1796.330444 
1798.126099 
1796.295654 
1797.180908 
1798.064331 
1796.222778 
1797.101074 
1798.885864 
1798.851685 
1801.543091 
1801.504639 
1804.194458 
1804.151611 
1806.839844 
1809.527710 
1810.391357 
1813.990601 
1812.112793 
1817.537354 
1816.567749 
1821.079834 
1819.191162 
1824.618164 
1823.639282 
1829.067993 
1827.168457 
1832.598389 
1834.361938 
1837.041870 
1834.213501 
1837.808716 
1838.648071 
1838.566162 
1841.240356 
1841.154175 
1844.747070 
1843.735840 
1845.485107 
1846.311401 
1846.213257 
1847.035278 
1850.624023 
1844.055908 
1848.565186 
1843.833252 
1847.416260 
1843.599243 
1846.254517 
1841.502441 
1845.079834 
1841.244385 
1844.819580 
1840.047852 
1841.764404 
1837.910400 
1841.479248 
1838.545532 
1839.324219 
1837.311523 
1834.364136 
1835.134155 
1833.109131 
1830.148438 
1831.841431 
1827.940308 
1827.763550 
1826.651001 
1827.401611 
1825.348999 
1825.160400 
1828.706909 
1821.970459 
1824.578003 
1818.764893 
1822.303955 
1817.416504 
1822.826172 
1815.118408 
1819.588989 
1816.557861 
1819.151001 
1816.112183 
1819.640869 
1816.594849 
1819.181641 
1820.828125 
1820.592285 
1820.353882 
1820.112793 
1819.868774 
1820.564209 
1821.257324 
1821.948486 
1821.694702 
1822.381470 
1821.178955 
1820.917114 
1822.541016 
1824.163818 
1828.620361 
1822.678345 
1828.078247 
1827.802979 
1829.418091 
1828.191406 
1833.591187 
1831.412598 
1834.916870 
1834.628540 
1840.028320 
1836.890137 
1841.340332 
1841.043823 
1844.543823 
1844.243286 
1851.543579 
1848.387817 
1851.885254 
1850.625122 
1853.169067 
1853.807739 
1857.302002 
1856.984741 
1857.617920 
1857.295532 
1859.831787 
1860.459106 
1861.084351 
1867.435913 
1861.373535 
1865.813477 
1861.652954 
1866.090942 
1861.922852 
1866.359009 
1863.140015 
1869.488892 
1864.348755 
1868.781494 
1868.423706 
1870.938477 
1869.617554 
1873.088501 
1872.721680 
1874.271484 
1873.899902 
1875.446167 
1875.069580 
1875.651367 
1875.269775 
1875.846924 
1876.421997 
1876.994873 
1877.565552 
1877.171631 
1878.701050 
1878.302002 
1884.645264 
1879.423950 
1882.874023 
1878.608521 
1884.949463 
1880.677246 
1884.121826 
1882.738525 
1885.214966 
1883.826294 
1885.333130 
1885.872070 
1887.375488 
1887.910400 
1889.410400 
1890.908813 
1891.437866 
1891.964478 
1892.489136 
1891.073975 
1893.531982 
1893.080688 
1892.626831 
1893.140015 
1897.531494 
1896.100708 
1897.578735 
1898.084229 
1896.645142 
1903.945435 
1900.558960 
1902.027832 
1900.578613 
1906.905518 
1902.533813 
1906.913696 
1905.454590 
1908.859131 
1908.368408 
1910.796875 
1909.327393 
1910.777954 
1912.226807 
1915.623535 
1913.169067 
1914.612305 
1914.102661 
1916.517822 
1915.027466 
1916.462891 
1915.943359 
1918.351562 
1914.896606 
1919.255249 
1917.749023 
1918.194824 
1922.550049 
1918.101807 
1918.540894 
1916.041870 
1921.369873 
1915.928589 
1921.254028 
1917.764526 
1920.148804 
1918.612427 
1922.953613 
1917.490967 
1922.809448 
1918.320435 
1923.636597 
1924.046875 
1924.454834 
1925.842163 
1926.245972 
1927.629517 
1926.064819 
1924.496826 
1928.821533 
1927.248779 
1928.621948 
1928.026855 
1930.379395 
1927.812622 
1929.177490 
1932.508545 
1929.933350 
1931.292236 
1926.742188 
1933.019897 
1926.493652 
1931.783936 
1928.206055 
1932.508423 
1927.939087 
1931.252319 
1925.690308 
1931.958252 
1929.348755 
1931.668579 
1930.040161 
1932.356201 
1928.748291 
1931.060303 
1928.433716 
1929.754150 
1927.121460 
1926.461792 
1928.763550 
1927.110718 
1928.420288 
1927.750732 
1928.067383 
1929.370605 
1932.650269 
1927.025391 
1931.290283 
1925.658691 
1929.920044 
1927.251465 
1930.519653 
1923.885010 
1929.129639 
1926.449829 
1928.719971 
1927.025635 
1931.273438 
1929.574219 
1931.836914 
1932.115112 
1934.374146 
1935.639771 
1938.886841 
1936.181274 
1943.392944 
1946.635498 
1950.868896 
1952.123779 
1959.332153 
1962.569336 
1969.776245 
1974.996704 
1983.195312 
1998.346313 
2000.585083 
2013.750366 
2018.967896 
2036.108521 
2044.306519 
2061.449707 
2071.635986 
2088.781250 
2100.957031 
2118.104736 
2129.287109 
2149.420898 
2163.588379 
2180.740723 
2194.909424 
2214.053955 
2227.229248 
2244.385498 
2260.547363 
2277.705322 
2293.868652 
2308.041016 
2324.205078 
2340.369629 
2354.542725 
2367.719482 
2385.876953 
2395.068359 
2408.244385 
2416.437744 
2428.615723 
2435.809570 
2447.985840 
2454.180176 
2462.366699 
2467.560547 
2474.746582 
2475.947998 
2479.140869 
2479.339355 
2483.524658 
2483.717773 
2484.905762 
2482.100098 
2478.293457 
2472.487793 
2467.676270 
2462.861084 
2459.040283 
2449.227783 
2442.405273 
2434.580811 
2423.758057 
2412.930664 
2402.098877 
2395.257080 
2378.426514 
2368.581055 
2351.741211 
2342.885986 
2325.038574 
2314.177979 
2298.319336 
2287.450439 
2271.583252 
2261.706055 
2245.830322 
2234.946289 
2222.060303 
2212.167969 
2197.276123 
2189.375244 
2173.476807 
2163.570312 
2152.661133 
2141.748779 
2129.833496 
2120.913330 
2110.990479 
2102.064209 
2093.134521 
2087.200928 
2078.265625 
2073.325928 
2071.382812 
2060.439453 
2060.490234 
2049.541260 
2049.586914 
2042.631714 
2042.672729 
2036.712036 
2036.747925 
2033.781738 
2032.812988 
2032.841797 
2033.868042 
2032.892090 
2033.913452 
2033.932617 
2033.949463 
2035.963867 
2038.975708 
2036.985352 
2040.992432 
2043.997314 
2048.999756 
2049.999756 
2056.997314 
2058.992432 
2061.985107 
2066.975342 
2068.963135 
2078.948242 
2075.931152 
2082.911377 
2079.889648 
2085.864746 
2083.837891 
2090.807617 
2088.775879 
2095.740723 
2093.703857 
2098.663818 
2095.622314 
2099.576904 
2100.529785 
2099.480469 
2100.428467 
2100.374023 
2096.318604 
2095.259766 
2096.197510 
2092.135010 
2092.068604 
2091.000000 
2082.932617 
2085.857666 
2079.784912 
2076.708496 
2072.630371 
2069.549561 
2070.463623 
2061.382812 
2061.292969 
2053.207764 
2051.115234 
2045.024414 
2043.926880 
2037.832031 
2035.731079 
2027.635010 
2027.527588 
2019.427856 
2020.314697 
2013.210327 
2012.095459 
2006.984497 
2002.870239 
1998.754028 
1995.634277 
1994.509277 
1989.388916 
1987.261597 
1985.132080 
1983.000488 
1979.868896 
1979.729004 
1977.591187 
1979.442139 
1973.309570 
1973.160767 
1966.027222 
1969.863892 
1966.716553 
1967.556274 
1964.404785 
1967.234131 
1966.072388 
1965.905640 
1964.739746 
1966.561890 
1962.401489 
1969.201660 
1967.030029 
1969.838257 
1971.647461 
1971.461548 
1970.277344 
1972.078979 
1969.894165 
1973.682373 
1972.488892 
1971.293457 
1976.068604 
1974.868286 
1976.651733 
1978.432373 
1985.185547 
1979.995483 
1981.767944 
1979.558960 
1984.310303 
1981.102173 
1984.853149 
1979.652222 
1984.391968 
1982.169922 
1985.909546 
1982.689087 
1986.423096 
1984.192261 
1985.933472 
1985.685181 
1984.441284 
1980.216064 
1981.947388 
1979.704468 
1980.437866 
1978.191040 
1978.919678 
1977.661133 
1976.400635 
1976.130005 
1975.857178 
1975.581909 
1972.329712 
1977.007690 
1969.785889 
1969.502319 
1967.234131 
1967.937012 
1963.683594 
1965.372559 
1960.125610 
1960.819580 
1957.550537 
1958.240112 
1953.977661 
1954.662598 
1952.376465 
1950.088623 
1947.799194 
1948.475342 
1944.204346 
1945.864868 
1943.568237 
1941.269775 
1937.981689 
1938.644409 
1935.353149 
1934.036011 
1932.716797 
1928.433716 
1926.124146 
1925.787231 
1929.395508 
1922.146240 
1921.803101 
1916.525879 
1919.137695 
1915.830078 
1917.450562 
1914.139893 
1915.755371 
1912.441528 
1913.067017 
1910.734985 
1911.355835 
1910.989624 
1909.636597 
1908.281860 
1909.877197 
1906.550659 
1907.157471 
1904.811523 
1906.396729 
1903.064331 
1904.644531 
1903.274048 
1903.866699 
1904.456665 
1905.043945 
1903.665039 
1904.247681 
1906.790283 
1899.517944 
1905.979614 
1900.667358 
1904.179565 
1898.864990 
1903.351562 
1898.034912 
1900.555542 
1901.113770 
1902.648560 
1902.222412 
1904.730469 
1903.320435 
1904.843994 
1902.451904 
1904.947876 
1904.507324 
1905.042236 
1902.642578 
1904.149780 
1904.677002 
1903.248535 
1901.818481 
1905.266846 
1903.832031 
1904.346802 
1908.760254 
1903.418091 
1907.824707 
1903.455200 
1905.906006 
1900.560059 
1906.901245 
1901.552856 
1903.018677 
1903.508301 
1904.967896 
1901.561157 
1903.988281 
1900.578613 
1902.027832 
1902.502319 
1903.945435 
1900.529663 
1901.967651 
1899.520020 
1899.982178 
1901.411987 
1897.989258 
1899.413818 
1899.865967 
1899.346191 
1898.824341 
1898.300171 
1895.837524 
1898.213745 
1892.844360 
1893.280273 
1889.844849 
1894.143799 
1890.705200 
1894.030273 
1890.588623 
1891.975464 
1888.531494 
1890.878540 
1887.431885 
1890.737427 
1890.181152 
1891.550903 
1890.025879 
1892.353394 
1887.934326 
1889.293213 
1888.723633 
1891.038696 
1888.539673 
1889.886841 
1887.384521 
1887.765137 
1887.182007 
1886.596802 
1886.009277 
1886.379761 
1890.586182 
1884.234497 
1889.392944 
1883.999268 
1886.274170 
1881.838013 
1882.191650 
1880.627075 
1881.933105 
1880.364746 
1883.578003 
1879.136353 
1880.430908 
1880.766479 
1879.188599 
1875.699097 
1875.073608 
1874.446045 
1871.908203 
1872.230713 
1871.597290 
1869.055298 
1867.465454 
1865.874023 
1862.377075 
1862.687012 
1862.994385 
1860.445557 
1860.748413 
1863.899902 
1857.545410 
1857.841187 
1855.285889 
1856.526611 
1851.122192 
1857.100708 
1853.591187 
1856.715942 
1851.308960 
1853.480347 
1848.073364 
1854.024780 
1850.508667 
1849.829712 
1849.148804 
1848.465698 
1847.780640 
1847.093506 
1844.516357 
1845.713013 
1843.133179 
1841.495728 
1840.799316 
1840.101074 
1839.400757 
1837.756958 
1840.817261 
1832.583740 
1835.638550 
1831.168457 
1833.276611 
1831.623535 
1834.663696 
1831.129028 
1832.285767 
1826.874023 
1830.838379 
1825.426270 
1831.256592 
1826.779785 
1831.663574 
1829.991943 
1830.189209 
1826.644653 
1826.837891 
1824.226440 
1826.282837 
1823.668457 
1823.852295 
1822.168335 
1821.415283 
1819.728638 
1818.040527 
1818.213379 
1815.591675 
1820.411011 
1815.925781 
1817.947510 
1814.390869 
1815.477539 
1810.063110 
1810.217896 
1807.587402 
1809.591797 
1806.958496 
1810.808838 
1805.394531 
1808.311401 
1805.672729 
1805.807617 
1805.015747 
1806.993164 
1803.425903 
1805.396973 
1805.518433 
1805.637207 
1802.988037 
1804.945190 
1805.976929 
1807.925781 
1809.870117 
1810.890259 
1815.583984 
1819.351929 
1824.031982 
1823.197266 
1829.701050 
1831.610229 
1840.849243 
1844.578735 
1855.629272 
1858.427612 
1872.201172 
1875.897949 
1887.816406 
1892.410400 
1908.870850 
1918.922485 
1931.698975 
1940.812500 
1956.295410 
1967.204834 
1979.011353 
1990.803833 
2006.221069 
2017.982910 
2032.457031 
2044.188477 
2056.813477 
2071.238281 
2082.924072 
2096.408936 
2106.251953 
2125.140381 
2129.520752 
2143.847900 
2151.825684 
2164.312744 
2168.651367 
2179.304199 
2181.818848 
2190.643555 
2194.044678 
2201.946045 
2204.430420 
2209.610107 
2212.981201 
2215.445801 
2215.207520 
2215.864258 
2212.924805 
2211.779785 
2207.941162 
2204.999756 
2201.161377 
2194.636719 
2188.114990 
2183.386475 
2173.293213 
2166.782715 
2161.169189 
2147.521484 
2142.809570 
2127.395508 
2122.692383 
2107.298340 
2099.932861 
2084.560791 
2074.540039 
2061.859131 
2051.854492 
2036.528442 
2024.766479 
2011.239746 
1998.611084 
1986.879395 
1974.271484 
1960.789307 
1949.972778 
1936.512451 
1924.831299 
1912.276733 
1903.264038 
1891.611450 
1883.496094 
1872.742676 
1862.879395 
1855.664673 
1844.936157 
1841.250977 
1828.779053 
1823.344482 
1811.768433 
1808.098633 
1797.415283 
1795.504517 
1786.586304 
1785.552979 
1779.269287 
1777.361206 
1769.335938 
1770.922852 
1768.141357 
1766.232056 
1761.707275 
1761.540405 
1759.629517 
1760.328369 
1755.805786 
1758.238159 
1758.059204 
1758.745361 
1756.824707 
1758.371948 
1759.914062 
1759.719604 
1762.118408 
1761.916626 
1766.898560 
1764.096313 
1769.064819 
1765.395386 
1771.213379 
1770.126587 
1775.066895 
1772.251343 
1776.317993 
1773.499023 
1776.694458 
1776.448242 
1779.631470 
1781.092773 
1782.548950 
1782.287354 
1781.166992 
1781.755493 
1780.630615 
1778.649536 
1780.082886 
1778.098267 
1776.113281 
1774.979492 
1771.289429 
1771.005005 
1767.315796 
1767.027832 
1765.038574 
1764.746094 
1757.664551 
1754.827759 
1749.449707 
1747.462402 
1743.782104 
1742.640137 
1736.426514 
1736.128906 
1731.609131 
1727.092285 
1721.735474 
1720.593384 
1716.083252 
1713.258179 
1708.752686 
1705.089844 
1699.750122 
1696.930786 
1690.759277 
1689.618774 
1685.965332 
1681.477417 
1679.500122 
1676.687256 
1673.874756 
1670.228882 
1670.753296 
1663.775757 
1664.297607 
1658.991577 
1658.678345 
1654.208130 
1655.552979 
1651.084961 
1651.594727 
1649.614746 
1647.634766 
1644.826782 
1645.327026 
1640.865723 
1644.664062 
1641.853394 
1641.517334 
1638.706543 
1637.543213 
1634.733032 
1634.390381 
1634.865967 
1634.517090 
1634.165283 
1634.630859 
1633.454346 
1631.457275 
1631.914185 
1630.732178 
1635.266968 
1629.180542 
1631.256104 
1626.805054 
1630.501831 
1626.051880 
1627.297485 
1624.474854 
1624.901245 
1622.078491 
1624.932251 
1621.296509 
1621.711060 
1620.503662 
1620.912109 
1616.469360 
1616.873291 
1615.660156 
1616.057983 
1614.840698 
1615.231567 
1611.597534 
1611.983887 
1609.154663 
1606.326050 
1606.705444 
1604.677734 
1602.650024 
1600.621948 
1602.589966 
1597.363647 
1598.526489 
1591.710205 
1592.072144 
1588.449219 
1589.602295 
1585.980713 
1584.744141 
1580.331177 
1580.680664 
1576.271118 
1576.616943 
1573.002197 
1572.552368 
1569.729980 
1567.698364 
1564.877563 
1561.269897 
1559.239502 
1557.209595 
1552.820312 
1553.148560 
1550.332764 
1547.518433 
1547.840454 
1545.026001 
1541.430176 
1539.400391 
1541.277100 
1532.999756 
1535.651367 
1530.502563 
1530.030762 
1526.444702 
1526.747559 
1520.832764 
1521.133179 
1517.552856 
1517.848755 
1514.270020 
1512.240967 
1510.211792 
1508.955322 
1507.697266 
1504.895996 
1502.095947 
1500.067505 
1497.269653 
1497.546631 
1493.981201 
1494.253784 
1491.457153 
1492.490479 
1489.692993 
1489.190308 
1491.740845 
1486.651611 
1486.905151 
1483.345703 
1483.594971 
1480.037964 
1482.562744 
1475.968628 
1480.002808 
1475.689819 
1476.681396 
1473.884644 
1474.113159 
1471.316772 
1473.050049 
1472.514648 
1470.469971 
1466.920288 
1467.885742 
1465.840210 
1466.046997 
1462.499878 
1461.953003 
1461.404053 
1460.852173 
1458.803223 
1458.247681 
1456.198120 
1455.639160 
1454.332886 
1454.513672 
1456.177124 
1451.893433 
1452.807251 
1448.526978 
1452.397827 
1448.119019 
1450.497681 
1446.959473 
1449.327881 
1445.053101 
1446.675537 
1443.875732 
1444.753662 
1443.422852 
1444.293091 
1441.491455 
1440.889160 
1438.820801 
1436.753174 
1435.415894 
1434.807129 
1432.737915 
1431.397461 
1430.784058 
1428.713623 
1427.369995 
1427.476562 
1427.579956 
1422.608765 
1422.708862 
1420.636353 
1420.730957 
1416.492676 
1418.025635 
1414.510620 
1415.315918 
1410.365723 
1412.602539 
1408.374268 
1408.451050 
1405.659912 
1407.878540 
1402.942017 
1402.295288 
1400.932861 
1398.144775 
1398.205811 
1397.551636 
1394.763672 
1394.816772 
1394.866577 
1392.078369 
1389.999878 
1389.335693 
1387.963379 
1386.589722 
1388.034790 
1383.135132 
1383.869873 
1380.382812 
1380.409424 
1376.925049 
1377.648315 
1373.466797 
1375.583374 
1371.404297 
1373.511353 
1368.638184 
1370.736816 
1367.956299 
1368.653198 
1366.567505 
1365.176270 
1362.397827 
1363.082764 
1359.613159 
1359.601074 
1359.585815 
1356.808594 
1355.410767 
1355.388184 
1353.300415 
1351.899292 
1351.183105 
1347.038940 
1349.744141 
1344.919189 
1344.881226 
1340.745728 
1342.749512 
1336.575073 
1337.891235 
1336.483154 
1336.431641 
1331.630249 
1334.285889 
1329.489502 
1330.782104 
1328.017090 
1327.952515 
1325.862671 
1325.119385 
1321.684814 
1320.268799 
1318.180786 
1316.093262 
1315.345459 
1313.926636 
1311.839355 
1310.419678 
1308.332764 
1306.912231 
1304.161377 
1303.405029 
1303.973877 
1299.897339 
1300.460938 
1297.051270 
1295.626953 
1292.221924 
1292.116699 
1287.398926 
1289.922607 
1284.552246 
1287.065918 
1281.702759 
1282.896973 
1279.505005 
1280.037354 
1276.648315 
1276.523315 
1274.440674 
1273.009155 
1270.927124 
1270.792969 
1269.359131 
1268.571777 
1266.488525 
1266.344360 
1265.551636 
1266.045776 
1267.822388 
1265.088867 
1267.497192 
1265.404541 
1269.080933 
1268.903442 
1272.559326 
1273.648315 
1277.920288 
1278.991821 
1284.512695 
1286.201782 
1292.963867 
1295.265381 
1303.259521 
1306.168335 
1312.858887 
1317.635254 
1324.287964 
1329.031128 
1338.162720 
1344.755371 
1351.327637 
1358.506958 
1365.664795 
1372.801636 
1379.916626 
1388.257935 
1394.082275 
1403.622559 
1408.162476 
1416.411987 
1421.535889 
1429.120728 
1433.589600 
1441.132202 
1442.479370 
1450.599731 
1454.385498 
1458.772705 
1461.915283 
1466.272461 
1469.388184 
1471.268188 
1472.526611 
1473.776855 
1474.409302 
1474.426758 
1472.005493 
1472.622559 
1470.199219 
1467.776611 
1465.960938 
1462.935181 
1459.307861 
1455.081421 
1450.258667 
1444.840820 
1441.834595 
1432.230469 
1428.038940 
1419.663696 
1414.292603 
1404.154053 
1398.806030 
1389.298584 
1382.783325 
1373.309814 
1365.634888 
1356.197144 
1349.737671 
1340.925415 
1331.540405 
1322.764038 
1313.417236 
1304.089111 
1295.954468 
1287.249634 
1277.390991 
1269.308350 
1261.241577 
1253.190796 
1243.990967 
1236.556763 
1227.974365 
1220.570557 
1213.761108 
1208.122681 
1198.448242 
1193.412842 
1184.349976 
1181.640747 
1174.334106 
1169.338989 
1162.631958 
1160.520630 
1153.262085 
1150.589233 
1145.065918 
1142.971436 
1138.033325 
1137.082031 
1133.858521 
1132.339478 
1129.122192 
1127.604858 
1124.394165 
1122.314697 
1120.236572 
1119.283936 
1118.330078 
1115.691772 
1115.855835 
1114.337524 
1116.169312 
1111.300781 
1113.122803 
1110.486694 
1113.406616 
1110.214478 
1111.456421 
1110.478516 
1112.260010 
1109.068726 
1110.287964 
1109.849121 
1109.956055 
1108.412964 
1109.608398 
1109.154907 
1108.697998 
1107.692383 
1106.685547 
1106.764404 
1105.751953 
1104.195557 
1103.180664 
1102.164429 
1100.605957 
1097.968628 
1097.488281 
1094.316528 
1093.296509 
1092.811035 
1088.574219 
1088.622314 
1085.996582 
1084.439453 
1081.285156 
1080.261841 
1076.582886 
1076.620117 
1074.005859 
1073.508911 
1069.841919 
1068.816650 
1065.157837 
1065.183594 
1063.630371 
1061.553589 
1058.954468 
1059.493042 
1055.851807 
1054.300415 
1052.749390 
1049.639526 
1048.608643 
1046.540527 
1044.991333 
1042.925293 
1042.922974 
1041.371582 
1041.362061 
1037.755859 
1038.254761 
1034.654053 
1035.657715 
1032.572998 
1033.567383 
1030.485107 
1030.962280 
1028.390747 
1028.860718 
1025.785156 
1025.743042 
1025.192017 
1024.638550 
1023.076538 
1023.019592 
1020.453308 
1020.391052 
1019.325806 
1016.762573 
1014.202393 
1014.130920 
1012.566345 
1011.496826 
1010.425781 
1008.365112 
1006.306091 
1004.249023 
1004.160095 
1000.629700 
1001.027283 
997.014099 
997.406372 
992.425415 
991.839661 
986.873474 
986.289062 
982.792114 
983.174011 
979.200012 
978.129578 
975.611816 
973.097168 
972.026489 
969.036926 
967.008972 
964.026794 
962.958008 
960.458557 
957.487122 
955.469727 
952.979797 
950.019775 
948.010010 
946.001526 
942.110474 
939.638062 
939.046997 
934.703369 
933.644592 
930.248291 
927.791199 
924.406311 
923.816895 
920.439636 
919.385559 
915.091736 
915.426453 
910.682617 
910.552979 
908.121155 
906.151794 
903.725708 
901.760071 
899.339661 
898.289795 
894.964172 
892.098633 
890.144714 
888.192566 
886.242676 
884.294067 
883.247925 
880.851685 
881.151917 
876.517517 
876.814453 
872.639587 
872.486633 
868.769226 
869.058044 
865.792664 
866.075867 
862.817017 
862.212646 
859.843018 
859.235596 
855.991638 
855.821960 
855.210083 
853.722046 
851.362488 
850.746887 
847.957031 
846.906128 
844.988220 
844.800720 
842.021179 
840.537903 
839.914551 
837.572266 
836.946594 
834.608337 
835.687561 
831.645386 
831.440247 
828.259644 
828.898987 
826.146973 
826.355591 
823.608093 
822.969666 
820.648132 
820.845337 
818.107605 
818.299255 
817.233887 
815.335022 
813.853516 
812.787476 
810.064148 
809.824829 
807.931641 
807.275452 
805.384338 
804.314941 
801.197510 
800.947083 
800.285034 
797.991394 
797.326782 
796.659607 
796.394714 
793.701416 
793.432861 
789.536682 
790.472412 
787.388794 
787.914551 
786.035522 
785.753906 
782.283386 
782.397522 
780.522705 
779.837341 
777.569092 
776.882202 
775.798706 
774.714294 
773.236694 
771.368225 
769.892883 
768.807373 
767.331848 
766.245117 
764.382690 
762.908752 
761.821411 
761.503784 
759.259155 
757.786194 
758.612183 
754.458679 
754.514282 
752.279480 
752.708923 
749.337280 
750.139038 
746.775208 
747.191711 
744.212891 
744.621948 
742.399414 
742.051941 
739.832825 
739.480835 
738.009094 
736.537964 
734.697449 
733.228210 
732.497620 
730.659851 
729.192261 
727.724731 
725.891846 
725.156921 
722.232300 
720.769958 
720.034058 
717.484009 
717.832031 
714.203979 
712.745911 
710.210266 
709.473083 
706.227966 
705.848999 
703.683411 
702.233032 
699.718201 
700.397400 
696.825562 
696.438416 
694.639282 
693.194092 
690.697327 
689.605164 
687.813904 
686.721680 
684.933777 
683.494507 
681.363525 
680.618164 
677.802368 
676.712952 
675.279541 
674.189331 
674.123962 
669.619385 
670.234070 
667.104492 
666.694458 
664.251892 
664.513916 
662.075317 
661.994141 
659.225403 
660.144165 
657.714417 
657.288635 
655.529663 
655.431824 
654.997498 
655.220276 
654.447876 
654.659973 
655.194092 
655.392578 
655.584656 
657.400085 
657.251099 
659.368164 
660.498962 
663.234436 
664.018005 
666.722656 
670.050842 
670.796936 
674.728638 
675.449768 
680.295898 
681.941040 
685.789246 
688.666199 
692.785583 
694.678284 
698.752747 
701.237305 
705.578796 
707.712341 
711.695374 
714.102844 
717.421387 
720.101196 
722.761719 
725.096069 
727.413086 
729.713257 
730.774597 
733.347168 
734.077942 
735.707947 
736.416870 
736.813232 
737.201050 
739.081726 
737.651306 
737.714783 
735.981750 
735.439941 
732.816040 
732.566772 
729.357239 
727.924072 
725.020691 
723.591187 
719.234863 
717.227539 
712.893188 
709.154114 
704.555908 
700.551147 
695.981873 
692.003235 
686.889160 
681.792419 
677.856262 
672.222534 
667.747009 
662.435242 
656.576965 
651.587097 
646.333496 
640.818665 
636.724609 
630.687927 
626.625732 
620.631165 
616.878174 
610.093811 
606.372864 
600.461365 
596.495850 
590.899780 
586.964844 
581.407959 
578.320129 
573.885193 
570.007507 
566.143188 
563.099731 
558.723633 
555.702209 
552.155762 
548.887817 
546.694092 
543.444641 
540.734680 
537.505188 
536.127625 
532.652588 
530.235901 
528.347900 
527.505127 
524.583679 
523.484192 
521.092834 
519.738586 
518.128540 
517.034119 
515.171936 
514.588806 
512.985352 
512.399536 
511.304443 
510.966217 
510.120483 
509.273224 
508.174683 
508.074127 
506.723206 
505.870178 
505.016083 
504.654205 
503.549133 
502.689697 
502.318878 
500.478210 
499.615845 
498.752075 
498.129272 
496.537292 
496.635010 
494.081451 
493.214050 
491.388855 
490.760254 
488.226105 
487.597046 
485.546234 
484.916199 
482.401520 
481.536469 
479.500580 
478.636505 
476.375183 
475.743958 
473.259674 
472.167175 
470.385010 
469.065063 
466.831543 
465.288666 
463.748810 
462.211151 
460.449982 
458.918121 
457.164032 
455.190033 
454.562256 
451.479553 
450.853821 
448.674255 
447.826935 
445.655975 
445.029816 
442.209900 
441.585510 
439.433258 
438.808014 
436.447571 
436.038818 
433.687958 
433.062439 
431.578217 
430.309998 
428.617920 
427.778046 
426.513947 
425.462128 
424.410828 
422.520508 
421.889709 
421.256531 
419.789764 
418.326019 
417.897369 
416.641296 
416.413330 
413.929108 
413.698395 
411.835083 
410.788361 
409.337311 
408.695740 
407.046570 
406.603546 
404.558868 
404.114227 
402.474426 
401.828217 
400.785095 
399.938965 
398.503845 
397.853088 
396.030701 
395.573486 
394.144836 
392.718506 
391.487274 
390.065674 
388.072968 
386.849609 
385.437256 
384.027588 
382.620636 
381.028442 
380.565735 
377.855042 
377.206451 
374.697144 
374.050720 
371.924469 
371.094177 
368.611725 
368.151215 
365.864075 
364.857544 
362.764618 
361.582092 
359.860962 
358.503479 
356.791199 
355.618439 
354.092438 
352.038910 
350.522034 
349.360596 
347.675354 
345.994781 
344.493256 
342.995605 
341.155975 
339.839844 
338.182526 
336.701416 
335.735870 
333.410889 
332.450745 
330.308899 
329.353485 
327.559875 
327.109955 
324.990814 
324.208130 
322.101227 
321.321991 
319.391541 
318.778168 
317.183960 
316.245087 
314.658813 
313.238678 
312.304993 
310.570007 
309.320801 
308.233093 
307.147003 
306.062408 
304.979431 
303.584351 
302.661957 
301.740082 
300.973938 
299.278992 
299.131622 
297.596466 
297.137787 
295.150940 
294.844452 
293.473663 
293.011993 
291.946198 
291.481445 
290.267426 
289.502136 
287.847382 
287.674652 
286.615021 
285.556641 
284.499908 
284.026489 
282.391632 
281.917114 
280.720917 
279.670685 
278.907562 
278.002106 
276.955200 
276.192230 
275.709930 
274.525085 
274.179779 
272.718811 
272.093536 
270.639130 
270.151794 
268.840240 
268.487000 
266.907684 
266.281738 
264.845306 
264.621979 
263.190552 
262.696716 
261.403961 
260.775818 
259.093079 
258.728577 
257.577179 
256.688446 
255.541260 
254.396759 
253.641006 
252.500549 
251.617828 
250.481796 
249.854584 
248.722321 
247.843536 
246.840454 
246.212555 
244.591873 
243.965485 
242.600021 
241.974030 
240.615112 
239.989929 
238.516602 
237.892151 
236.666687 
235.803711 
234.822205 
234.079376 
233.100449 
232.240768 
231.031235 
230.291077 
229.086746 
228.117218 
226.919769 
226.069275 
224.763474 
224.030167 
222.957489 
221.775330 
220.820740 
220.091202 
219.028183 
218.189468 
217.571640 
216.184967 
215.459183 
214.080902 
213.574585 
212.095978 
211.696991 
210.333603 
209.826965 
208.365143 
207.753143 
206.510529 
206.003815 
204.871490 
204.363785 
203.235809 
202.214096 
201.093369 
200.281036 
199.267227 
198.356918 
197.548752 
196.542160 
195.538055 
194.734497 
193.833511 
192.934570 
191.939758 
190.947662 
190.151672 
188.971893 
188.179886 
186.912216 
186.218918 
185.148224 
184.363251 
183.018127 
182.609589 
181.272736 
180.771637 
179.626785 
179.033966 
178.077133 
177.213470 
175.992249 
175.223572 
174.277832 
173.423462 
172.483124 
171.632965 
170.697433 
169.764679 
168.834656 
168.165710 
167.325546 
166.146606 
165.735611 
164.479492 
163.816376 
162.485886 
161.992722 
160.754562 
160.180313 
159.114563 
158.785431 
157.805695 
157.232407 
156.177734 
155.685226 
154.953522 
154.538345 
153.885910 
153.467575 
152.736633 
152.392853 
151.969543 
151.543915 
151.116180 
150.988602 
150.555084 
150.493607 
150.202713 
150.278015 
150.051514 
150.259796 
150.385956 
150.142075 
150.469543 
150.142380 
150.666138 
150.468979 
150.829895 
150.829758 
151.588257 
151.361801 
151.956406 
151.921036 
152.354935 
152.709030 
152.916718 
153.114426 
153.368744 
153.414307 
153.648499 
153.545364 
153.695465 
153.512802 
153.517242 
153.513351 
153.311020 
153.102890 
152.889313 
152.545074 
152.320694 
152.152283 
151.181259 
151.066208 
150.096603 
149.611572 
148.765274 
148.218201 
147.078415 
146.589890 
145.282074 
144.446075 
143.265808 
142.263611 
141.037766 
139.988388 
138.663040 
137.457336 
136.091843 
134.569855 
133.333130 
131.885712 
130.502655 
128.967789 
127.551247 
126.145004 
124.643211 
123.152794 
121.673729 
120.309639 
119.057961 
117.406677 
116.174774 
114.498161 
113.286476 
111.685455 
110.492966 
108.916725 
107.841202 
106.288841 
105.278275 
103.892456 
102.754936 
101.437614 
100.224304 
99.066757 
97.964035 
96.915398 
95.919350 
94.839798 
93.902641 
92.838089 
91.869987 
90.908348 
90.083893 
89.134537 
88.277847 
87.639244 
86.579895 
85.990784 
85.028191 
84.486618 
83.617271 
83.039131 
82.300774 
81.847717 
81.075378 
80.663734 
79.976448 
79.487358 
78.921585 
78.433975 
77.908768 
77.422371 
76.861671 
76.451210 
75.929382 
75.481850 
74.888939 
74.514778 
74.031929 
73.620613 
73.138351 
72.621902 
72.244957 
71.695183 
71.419685 
70.735992 
70.391586 
69.713013 
69.368088 
68.760086 
68.284828 
67.617088 
67.176544 
66.420021 
66.013969 
65.358810 
64.861633 
64.212975 
63.719643 
62.987522 
62.498886 
61.804951 
61.232891 
60.605938 
59.982651 
59.306259 
58.775799 
58.107883 
57.472622 
56.841602 
56.214806 
55.565392 
55.001053 
54.413383 
53.672146 
53.197327 
52.441292 
51.921947 
51.203228 
50.716148 
50.057983 
49.503693 
48.904339 
48.429924 
47.767132 
47.275490 
46.739990 
46.207962 
45.633789 
45.154842 
44.588905 
44.116226 
43.602272 
43.135384 
42.671246 
42.124580 
41.729935 
41.294830 
40.800053 
40.390701 
39.962753 
39.557049 
39.212540 
38.692329 
38.331615 
37.856750 
37.499073 
37.048683 
36.731209 
36.303833 
35.933479 
35.546631 
35.179340 
34.726105 
34.414639 
34.035030 
33.640305 
33.281445 
32.940453 
32.502655 
32.148872 
31.732882 
31.383020 
30.987864 
30.656811 
30.281408 
29.923374 
29.567169 
29.212797 
28.845940 
28.467150 
28.147400 
27.731455 
27.415211 
26.978390 
26.679729 
26.249901 
25.954643 
25.570398 
25.265553 
24.861870 
24.573175 
24.212456 
23.914602 
23.523615 
23.218012 
22.856607 
22.532482 
22.177227 
21.847141 
21.508778 
21.216108 
20.872458 
20.542486 
20.235819 
19.941401 
19.629210 
19.290398 
18.993418 
18.679810 
18.424921 
18.024462 
17.774275 
17.427441 
17.172192 
16.849691 
16.607006 
16.265625 
16.026823 
15.716818 
15.465807 
15.170005 
14.915641 
14.640735 
14.383356 
14.106663 
13.847108 
13.583100 
13.315018 
13.056677 
12.801152 
12.554797 
12.310941 
12.069524 
11.830772 
11.606321 
11.360447 
11.146310 
10.888824 
10.679296 
10.449785 
10.233573 
10.004030 
9.818158 
9.583591 
9.396196 
9.176815 
8.992949 
8.774143 
8.589484 
8.380435 
8.199653 
8.008189 
7.818855 
7.623919 
7.447036 
7.257026 
7.080640 
6.906312 
6.727074 
6.557052 
6.395766 
6.223323 
6.059566 
5.897885 
5.741249 
5.586645 
5.417111 
5.269508 
5.107841 
4.964379 
4.807739 
4.668259 
4.521302 
4.383584 
4.236828 
4.107632 
3.963747 
3.840474 
3.703546 
3.578495 
3.451934 
3.329344 
3.203926 
3.090612 
2.971417 
2.857541 
2.744393 
2.633619 
2.523746 
2.417543 
2.315980 
2.212025 
2.117003 
2.019687 
1.929636 
1.831956 
1.744226 
1.652539 
1.571583 
1.484747 
1.405616 
1.325104 
1.249579 
1.173813 
1.103289 
1.031694 
0.965050 
0.900594 
0.837417 
0.775373 
0.717617 
0.661334 
0.607064 
0.554831 
0.505860 
0.458105 
0.413449 
0.370863 
0.330639 
0.292865 
0.257408 
0.224038 
0.193033 
0.164939 
0.138110 
0.114246 
0.092459 
0.073231 
0.055909 
0.041171 
0.028532 
0.018298 
0.010291 
0.004570 
0.001155 
0.000000 
